8           8  8           8 
8   1 1 1   8  8   1 1 1   8 
8           8  8           8 
8           8  8           8 
8           8  8           8 
8           8  8           8 
8           8  8           8 
8           8  8           8 
8           8  8           8 
8         2 8  8           8 
8       2 2 8  8     1 1 1 8 
8 8 8 8 8 8 8  8 8 8 8 8 8 8 

0100    1100
pieces: 1 garbage: 0 attack: 0
pieces: 1 garbage: 0 attack: 0
8           8  8     2     8 
8   1 1 1   8  8   2 2     8 
8           8  8           8 
8           8  8           8 
8           8  8           8 
8           8  8           8 
8           8  8           8 
8           8  8       1   8 
8   1       8  8       1   8 
8   1     2 8  8       1   8 
8   1   2 2 8  8     1 1 1 8 
8 8 8 8 8 8 8  8 8 8 8 8 8 8 

1001    1001
pieces: 2 garbage: 0 attack: 0
pieces: 2 garbage: 0 attack: 0
8     2     8  8     2     8 
8   2 2     8  8   2 2     8 
8           8  8           8 
8           8  8           8 
8           8  8           8 
8           8  8           8 
8           8  8           8 
8 1 1 1     8  8       1   8 
8   1       8  8       1   8 
8   1     2 8  8 2 2   1   8 
8   1   2 2 8  8   2 1 1 1 8 
8 8 8 8 8 8 8  8 8 8 8 8 8 8 

0011    0011
pieces: 3 garbage: 0 attack: 0
pieces: 3 garbage: 0 attack: 0
8           8  8           8 
8   1 1 1   8  8   1 1 1   8 
8           8  8           8 
8           8  8           8 
8           8  8           8 
8           8  8           8 
8           8  8       2 2 8 
8 1 1 1   2 8  8       1 2 8 
8   1   2 2 8  8       1   8 
8   1     2 8  8 2 2   1   8 
8   1   2 2 8  8   2 1 1 1 8 
8 8 8 8 8 8 8  8 8 8 8 8 8 8 

0111    0111
pieces: 4 garbage: 0 attack: 0
pieces: 4 garbage: 0 attack: 0
8           8  8           8 
8   1 1 1   8  8   1 1 1   8 
8           8  8           8 
8           8  8           8 
8 1         8  8           8 
8 1         8  8           8 
8 1         8  8 1     2 2 8 
8 1 1 1   2 8  8 1     1 2 8 
8   1   2 2 8  8 1     1   8 
8   1     2 8  8 2 2   1   8 
8   1   2 2 8  8   2 1 1 1 8 
8 8 8 8 8 8 8  8 8 8 8 8 8 8 

1110    1110
pieces: 5 garbage: 0 attack: 0
pieces: 5 garbage: 0 attack: 0
8     2     8  8     2     8 
8   2 2     8  8   2 2     8 
8           8  8           8 
8           8  8           8 
8 1       1 8  8           8 
8 1       1 8  8     1 1 1 8 
8 1       1 8  8 1     2 2 8 
8 1 1 1   2 8  8 1     1 2 8 
8   1   2 2 8  8 1     1   8 
8   1     2 8  8 2 2   1   8 
8   1   2 2 8  8   2 1 1 1 8 
8 8 8 8 8 8 8  8 8 8 8 8 8 8 

1100    1100
pieces: 6 garbage: 0 attack: 0
pieces: 6 garbage: 0 attack: 0
8     2     8  8     2     8 
8   2 2     8  8   2 2     8 
8           8  8           8 
8           8  8         2 8 
8 1       1 8  8       2 2 8 
8 1 2     1 8  8     1 1 1 8 
8 1 2 2   1 8  8 1     2 2 8 
8 1 1 1   2 8  8 1     1 2 8 
8   1   2 2 8  8 1     1   8 
8   1     2 8  8 2 2   1   8 
8   1   2 2 8  8   2 1 1 1 8 
8 8 8 8 8 8 8  8 8 8 8 8 8 8 

1001    1001
pieces: 7 garbage: 0 attack: 0
pieces: 7 garbage: 0 attack: 0
8     2     8  8     2     8 
8   2 2     8  8   2 2   2 8 
8           8  8       2 2 8 
8           8  8         2 8 
8 1 2 2   1 8  8       2 2 8 
8 1 2 2   1 8  8     1 1 1 8 
8 1 2 2   1 8  8 1     2 2 8 
8 1 1 1   2 8  8 1     1 2 8 
8   1   2 2 8  8 1     1   8 
8   1     2 8  8 2 2   1   8 
8   1   2 2 8  8   2 1 1 1 8 
8 8 8 8 8 8 8  8 8 8 8 8 8 8 

0011    0010
pieces: 8 garbage: 0 attack: 0
pieces: 8 garbage: 0 attack: 0
win
8           8  8     2     8 
8   1 1 1   8  8   2 2     8 
8           8  8           8 
8           8  8           8 
8           8  8           8 
8           8  8           8 
8           8  8           8 
8           8  8           8 
8           8  8           8 
8           8  8           8 
8           8  8           8 
8 8 8 8 8 8 8  8 8 8 8 8 8 8 

1011    1001
pieces: 0 garbage: 0 attack: 0
pieces: 0 garbage: 0 attack: 0
8     2     8  8     2     8 
8   2 2     8  8   2 2     8 
8           8  8           8 
8           8  8           8 
8           8  8           8 
8           8  8           8 
8           8  8           8 
8           8  8           8 
8   1       8  8           8 
8   1       8  8   2 2     8 
8   1       8  8   2       8 
8 8 8 8 8 8 8  8 8 8 8 8 8 8 

0110    0011
pieces: 1 garbage: 0 attack: 0
pieces: 1 garbage: 0 attack: 0
8           8  8           8 
8   1 1 1   8  8   1 1 1   8 
8           8  8           8 
8           8  8           8 
8           8  8           8 
8           8  8           8 
8           8  8           8 
8           8  8           8 
8   1       8  8     2 2   8 
8   1     2 8  8   2 2 2   8 
8   1   2 2 8  8   2       8 
8 8 8 8 8 8 8  8 8 8 8 8 8 8 

1100    0110
pieces: 2 garbage: 0 attack: 0
pieces: 2 garbage: 0 attack: 0
8     2     8  8           8 
8   2 2     8  8   1 1 1   8 
8           8  8           8 
8           8  8           8 
8           8  8           8 
8           8  8       1   8 
8           8  8       1   8 
8 1 1 1     8  8       1   8 
8   1       8  8     2 2   8 
8   1     2 8  8   2 2 2   8 
8   1   2 2 8  8   2       8 
8 8 8 8 8 8 8  8 8 8 8 8 8 8 

1001    1100
pieces: 3 garbage: 0 attack: 0
pieces: 3 garbage: 0 attack: 0
8     2     8  8     2     8 
8   2 2     8  8   2 2     8 
8           8  8           8 
8           8  8           8 
8           8  8           8 
8           8  8       1   8 
8           8  8   1   1   8 
8 1 1 1   2 8  8   1   1   8 
8   1   2 2 8  8   1 2 2   8 
8   1     2 8  8   2 2 2   8 
8   1   2 2 8  8   2       8 
8 8 8 8 8 8 8  8 8 8 8 8 8 8 

0010    1000
pieces: 4 garbage: 0 attack: 0
pieces: 4 garbage: 0 attack: 0
8           8  8     2     8 
8   1 1 1   8  8   2 2     8 
8           8  8           8 
8           8  8           8 
8           8  8     2     8 
8       2   8  8   2 2 1   8 
8       2 2 8  8   1   1   8 
8 1 1 1   2 8  8   1   1   8 
8   1   2 2 8  8   1 2 2   8 
8   1     2 8  8   2 2 2   8 
8   1   2 2 8  8   2       8 
8 8 8 8 8 8 8  8 8 8 8 8 8 8 

0100    0001
pieces: 5 garbage: 0 attack: 0
pieces: 5 garbage: 0 attack: 0
8           8  8           8 
8   1 1 1   8  8   1 1 1   8 
8           8  8           8 
8           8  8 2         8 
8 1         8  8 2 2 2     8 
8 1     2   8  8   2 2 1   8 
8 1     2 2 8  8   1   1   8 
8 1 1 1   2 8  8   1   1   8 
8   1   2 2 8  8   1 2 2   8 
8   1     2 8  8   2 2 2   8 
8   1   2 2 8  8   2       8 
8 8 8 8 8 8 8  8 8 8 8 8 8 8 

1001    0011
pieces: 6 garbage: 0 attack: 0
pieces: 6 garbage: 0 attack: 0
8     2     8  8           8 
8   2 2     8  8   1 1 1   8 
8       1   8  8           8 
8       1   8  8 2   1 1 1 8 
8 1     1   8  8 2 2 2     8 
8 1     2   8  8   2 2 1   8 
8 1     2 2 8  8   1   1   8 
8 1 1 1   2 8  8   1   1   8 
8   1   2 2 8  8   1 2 2   8 
8   1     2 8  8   2 2 2   8 
8   1   2 2 8  8   2       8 
8 8 8 8 8 8 8  8 8 8 8 8 8 8 

0011    0110
pieces: 7 garbage: 0 attack: 0
pieces: 7 garbage: 0 attack: 0
win
8           8  8     2     8 
8   1 1 1   8  8   2 2     8 
8           8  8           8 
8           8  8           8 
8           8  8           8 
8           8  8           8 
8           8  8           8 
8           8  8           8 
8           8  8           8 
8           8  8           8 
8           8  8           8 
8 8 8 8 8 8 8  8 8 8 8 8 8 8 

1100    0010
pieces: 0 garbage: 0 attack: 0
pieces: 0 garbage: 0 attack: 0
8     2     8  8           8 
8   2 2     8  8   1 1 1   8 
8           8  8           8 
8           8  8           8 
8           8  8           8 
8           8  8           8 
8           8  8           8 
8           8  8           8 
8   1       8  8           8 
8   1       8  8 2         8 
8   1       8  8 2 2       8 
8 8 8 8 8 8 8  8 8 8 8 8 8 8 

1001    0101
pieces: 1 garbage: 0 attack: 0
pieces: 1 garbage: 0 attack: 0
8     2     8  8           8 
8   2 2     8  8   1 1 1   8 
8           8  8           8 
8           8  8           8 
8           8  8           8 
8           8  8           8 
8           8  8           8 
8           8  8           8 
8   1       8  8       1   8 
8   1     2 8  8 2     1   8 
8   1   2 2 8  8 2 2   1   8 
8 8 8 8 8 8 8  8 8 8 8 8 8 8 

0011    1010
pieces: 2 garbage: 0 attack: 0
pieces: 2 garbage: 0 attack: 0
8           8  8     2     8 
8   1 1 1   8  8   2 2     8 
8           8  8           8 
8           8  8           8 
8           8  8           8 
8           8  8           8 
8   2       8  8           8 
8 2 2       8  8           8 
8   1       8  8       1 1 8 
8   1     2 8  8 2     1 1 8 
8   1   2 2 8  8 2 2   1 1 8 
8 8 8 8 8 8 8  8 8 8 8 8 8 8 

0110    0101
pieces: 3 garbage: 0 attack: 0
pieces: 3 garbage: 0 attack: 0
8           8  8           8 
8   1 1 1   8  8   1 1 1   8 
8           8  8           8 
8           8  8           8 
8 1         8  8           8 
8 1         8  8           8 
8 1 2       8  8       2   8 
8 2 2       8  8     2 2   8 
8   1       8  8       1 1 8 
8   1     2 8  8 2     1 1 8 
8   1   2 2 8  8 2 2   1 1 8 
8 8 8 8 8 8 8  8 8 8 8 8 8 8 

1101    1011
pieces: 4 garbage: 0 attack: 0
pieces: 4 garbage: 0 attack: 0
8     2     8  8     2     8 
8   2 2     8  8   2 2     8 
8           8  8           8 
8           8  8           8 
8 1         8  8           8 
8 1         8  8     1 1 1 8 
8 1 2     1 8  8       2   8 
8 2 2     1 8  8     2 2   8 
8   1     1 8  8       1 1 8 
8   1     2 8  8 2     1 1 8 
8   1   2 2 8  8 2 2   1 1 8 
8 8 8 8 8 8 8  8 8 8 8 8 8 8 

1011    0110
pieces: 5 garbage: 0 attack: 0
pieces: 5 garbage: 0 attack: 0
8     2     8  8           8 
8   2 2     8  8   1 1 1   8 
8           8  8           8 
8           8  8     2     8 
8 1         8  8   2 2     8 
8 1         8  8     1 1 1 8 
8 1 2     1 8  8       2   8 
8 2 2     1 8  8     2 2   8 
8   1     1 8  8       1 1 8 
8   1 2 2 2 8  8 2     1 1 8 
8   1 2 2 2 8  8 2 2   1 1 8 
8 8 8 8 8 8 8  8 8 8 8 8 8 8 

0110    1100
pieces: 6 garbage: 0 attack: 0
pieces: 6 garbage: 0 attack: 0
8           8  8     2     8 
8   1 1 1   8  8   2 2     8 
8           8  8           8 
8           8  8     2     8 
8 1         8  8   2 2     8 
8 1     2 2 8  8     1 1 1 8 
8 1 2   2 1 8  8       2   8 
8 2 2     1 8  8   1 2 2   8 
8   1     1 8  8   1   1 1 8 
8   1 2 2 2 8  8 2 1   1 1 8 
8   1 2 2 2 8  8 2 2   1 1 8 
8 8 8 8 8 8 8  8 8 8 8 8 8 8 

1100    1001
pieces: 7 garbage: 0 attack: 0
pieces: 7 garbage: 0 attack: 0
8     2     8  8     2     8 
8   2 2     8  8   2 2     8 
8       1   8  8   2 2     8 
8       1   8  8   2 2     8 
8 1     1   8  8   2 2     8 
8 1     2 2 8  8     1 1 1 8 
8 1 2   2 1 8  8       2   8 
8 2 2     1 8  8   1 2 2   8 
8   1     1 8  8   1   1 1 8 
8   1 2 2 2 8  8 2 1   1 1 8 
8   1 2 2 2 8  8 2 2   1 1 8 
8 8 8 8 8 8 8  8 8 8 8 8 8 8 

1001    0010
pieces: 8 garbage: 0 attack: 0
pieces: 8 garbage: 0 attack: 0
win
8           8  8           8 
8   1 1 1   8  8   1 1 1   8 
8           8  8           8 
8           8  8           8 
8           8  8           8 
8           8  8           8 
8           8  8           8 
8           8  8           8 
8           8  8           8 
8           8  8           8 
8           8  8           8 
8 8 8 8 8 8 8  8 8 8 8 8 8 8 

1100    0111
pieces: 0 garbage: 0 attack: 0
pieces: 0 garbage: 0 attack: 0
8     2     8  8           8 
8   2 2     8  8   1 1 1   8 
8           8  8           8 
8           8  8           8 
8           8  8           8 
8           8  8           8 
8           8  8           8 
8           8  8           8 
8   1       8  8   1       8 
8   1       8  8   1       8 
8   1       8  8   1       8 
8 8 8 8 8 8 8  8 8 8 8 8 8 8 

1001    1110
pieces: 1 garbage: 0 attack: 0
pieces: 1 garbage: 0 attack: 0
8     2     8  8     2     8 
8   2 2     8  8   2 2     8 
8           8  8           8 
8           8  8           8 
8           8  8           8 
8           8  8           8 
8           8  8           8 
8           8  8 1 1 1     8 
8   1       8  8   1       8 
8   1     2 8  8   1       8 
8   1   2 2 8  8   1       8 
8 8 8 8 8 8 8  8 8 8 8 8 8 8 

0011    1100
pieces: 2 garbage: 0 attack: 0
pieces: 2 garbage: 0 attack: 0
8           8  8     2     8 
8   1 1 1   8  8   2 2     8 
8           8  8           8 
8           8  8           8 
8           8  8           8 
8           8  8       2   8 
8   2       8  8     2 2   8 
8 2 2       8  8 1 1 1     8 
8   1       8  8   1       8 
8   1     2 8  8   1       8 
8   1   2 2 8  8   1       8 
8 8 8 8 8 8 8  8 8 8 8 8 8 8 

0110    1001
pieces: 3 garbage: 0 attack: 0
pieces: 3 garbage: 0 attack: 0
8           8  8     2     8 
8   1 1 1   8  8   2 2     8 
8           8  8           8 
8           8  8     2 2   8 
8 1         8  8       2   8 
8 1         8  8       2   8 
8 1 2       8  8     2 2   8 
8 2 2       8  8 1 1 1     8 
8   1       8  8   1       8 
8   1     2 8  8   1       8 
8   1   2 2 8  8   1       8 
8 8 8 8 8 8 8  8 8 8 8 8 8 8 

1100    0010
pieces: 4 garbage: 0 attack: 0
pieces: 4 garbage: 0 attack: 0
8     2     8  8           8 
8   2 2     8  8   1 1 1   8 
8           8  8   2 2     8 
8           8  8   2 2 2   8 
8 1         8  8       2   8 
8 1         8  8       2   8 
8 1 2     1 8  8     2 2   8 
8 2 2     1 8  8 1 1 1     8 
8   1     1 8  8   1       8 
8   1     2 8  8   1       8 
8   1   2 2 8  8   1       8 
8 8 8 8 8 8 8  8 8 8 8 8 8 8 

1001    0100
pieces: 5 garbage: 0 attack: 0
pieces: 5 garbage: 0 attack: 0
win
8           8  8           8 
8   1 1 1   8  8   1 1 1   8 
8           8  8           8 
8           8  8           8 
8           8  8           8 
8           8  8           8 
8           8  8           8 
8           8  8           8 
8           8  8           8 
8           8  8           8 
8           8  8           8 
8 8 8 8 8 8 8  8 8 8 8 8 8 8 

1101    1010
pieces: 0 garbage: 0 attack: 0
pieces: 0 garbage: 0 attack: 0
8     2     8  8     2     8 
8   2 2     8  8   2 2     8 
8           8  8           8 
8           8  8           8 
8           8  8           8 
8           8  8           8 
8           8  8           8 
8           8  8           8 
8   1       8  8   1       8 
8   1       8  8   1       8 
8   1       8  8   1       8 
8 8 8 8 8 8 8  8 8 8 8 8 8 8 

1011    0101
pieces: 1 garbage: 0 attack: 0
pieces: 1 garbage: 0 attack: 0
8     2     8  8           8 
8   2 2     8  8   1 1 1   8 
8           8  8           8 
8           8  8           8 
8           8  8           8 
8           8  8           8 
8           8  8           8 
8           8  8           8 
8   1       8  8   1       8 
8   1     2 8  8   1 2     8 
8   1   2 2 8  8   1 2 2   8 
8 8 8 8 8 8 8  8 8 8 8 8 8 8 

0110    1010
pieces: 2 garbage: 0 attack: 0
pieces: 2 garbage: 0 attack: 0
8           8  8     2     8 
8   1 1 1   8  8   2 2     8 
8           8  8           8 
8           8  8           8 
8           8  8           8 
8           8  8           8 
8   2       8  8           8 
8 2 2       8  8           8 
8   1       8  8 1 1       8 
8   1     2 8  8 1 1 2     8 
8   1   2 2 8  8 1 1 2 2   8 
8 8 8 8 8 8 8  8 8 8 8 8 8 8 

1100    0101
pieces: 3 garbage: 0 attack: 0
pieces: 3 garbage: 0 attack: 0
8     2     8  8           8 
8   2 2     8  8   1 1 1   8 
8           8  8           8 
8           8  8           8 
8 1         8  8           8 
8 1         8  8           8 
8 1 2       8  8           8 
8 2 2       8  8       2   8 
8   1       8  8 1 1 2 2   8 
8   1     2 8  8 1 1 2     8 
8   1   2 2 8  8 1 1 2 2   8 
8 8 8 8 8 8 8  8 8 8 8 8 8 8 

1000    1011
pieces: 4 garbage: 0 attack: 0
pieces: 4 garbage: 0 attack: 0
8     2     8  8     2     8 
8   2 2     8  8   2 2     8 
8           8  8           8 
8           8  8           8 
8 1         8  8           8 
8 1         8  8           8 
8 1 2       8  8           8 
8 2 2     2 8  8           8 
8   1   2 2 8  8           8 
8   1     2 8  8       2   8 
8   1   2 2 8  8 1 1 2   1 8 
8 8 8 8 8 8 8  8 8 8 8 8 8 8 

0001    0110
pieces: 5 garbage: 2 attack: 0
pieces: 5 garbage: 0 attack: 0
8           8  8           8 
8   1 1 1   8  8   1 1 1   8 
8 1         8  8           8 
8 1     2   8  8           8 
8 1 2   2 2 8  8           8 
8 2 2     2 8  8           8 
8   1   2 2 8  8           8 
8   1     2 8  8           8 
8   1   2 2 8  8   2       8 
8 8 8 8 8   8  8   2 2 2   8 
8 8 8 8   8 8  8 1 1 2   1 8 
8 8 8 8 8 8 8  8 8 8 8 8 8 8 

0011    1100
pieces: 6 garbage: 0 attack: 0
pieces: 6 garbage: 0 attack: 0
8           8  8     2     8 
8   1 1 1   8  8   2 2     8 
8 1 1 1 1   8  8           8 
8 1     2   8  8           8 
8 1 2   2 2 8  8           8 
8 2 2     2 8  8           8 
8   1   2 2 8  8     1     8 
8   1     2 8  8     1     8 
8   1   2 2 8  8   2 1     8 
8 8 8 8 8   8  8   2 2 2   8 
8 8 8 8   8 8  8 1 1 2   1 8 
8 8 8 8 8 8 8  8 8 8 8 8 8 8 

0110    1001
pieces: 7 garbage: 0 attack: 0
pieces: 7 garbage: 0 attack: 0
loss
8           8  8           8 
8   1 1 1   8  8   1 1 1   8 
8           8  8           8 
8           8  8           8 
8           8  8           8 
8           8  8           8 
8           8  8           8 
8           8  8           8 
8           8  8           8 
8           8  8           8 
8           8  8           8 
8 8 8 8 8 8 8  8 8 8 8 8 8 8 

1100    1100
pieces: 0 garbage: 0 attack: 0
pieces: 0 garbage: 0 attack: 0
8     2     8  8     2     8 
8   2 2     8  8   2 2     8 
8           8  8           8 
8           8  8           8 
8           8  8           8 
8           8  8           8 
8           8  8           8 
8           8  8           8 
8   1       8  8       1   8 
8   1       8  8       1   8 
8   1       8  8       1   8 
8 8 8 8 8 8 8  8 8 8 8 8 8 8 

1001    1001
pieces: 1 garbage: 0 attack: 0
pieces: 1 garbage: 0 attack: 0
8     2     8  8     2     8 
8   2 2     8  8   2 2     8 
8           8  8           8 
8           8  8           8 
8           8  8           8 
8           8  8           8 
8           8  8           8 
8           8  8           8 
8   1       8  8       1   8 
8   1     2 8  8   2   1   8 
8   1   2 2 8  8   2 2 1   8 
8 8 8 8 8 8 8  8 8 8 8 8 8 8 

0011    0011
pieces: 2 garbage: 0 attack: 0
pieces: 2 garbage: 0 attack: 0
8           8  8           8 
8   1 1 1   8  8   1 1 1   8 
8           8  8           8 
8           8  8           8 
8           8  8           8 
8           8  8           8 
8   2       8  8         2 8 
8 2 2       8  8       2 2 8 
8   1       8  8       1   8 
8   1     2 8  8   2   1   8 
8   1   2 2 8  8   2 2 1   8 
8 8 8 8 8 8 8  8 8 8 8 8 8 8 

0110    0110
pieces: 3 garbage: 0 attack: 0
pieces: 3 garbage: 0 attack: 0
8           8  8           8 
8   1 1 1   8  8   1 1 1   8 
8           8  8           8 
8           8  8           8 
8 1         8  8           8 
8 1         8  8     1 1 1 8 
8 1 2       8  8         2 8 
8 2 2       8  8       2 2 8 
8   1       8  8       1   8 
8   1     2 8  8   2   1   8 
8   1   2 2 8  8   2 2 1   8 
8 8 8 8 8 8 8  8 8 8 8 8 8 8 

1100    1100
pieces: 4 garbage: 0 attack: 0
pieces: 4 garbage: 0 attack: 0
8     2     8  8     2     8 
8   2 2     8  8   2 2     8 
8           8  8     1     8 
8           8  8     1     8 
8 1         8  8     1     8 
8 1         8  8     1 1 1 8 
8 1 2     1 8  8         2 8 
8 2 2     1 8  8       2 2 8 
8   1     1 8  8       1   8 
8   1     2 8  8   2   1   8 
8   1   2 2 8  8   2 2 1   8 
8 8 8 8 8 8 8  8 8 8 8 8 8 8 

1001    1001
pieces: 5 garbage: 0 attack: 0
pieces: 5 garbage: 0 attack: 0
8     2     8  8     2     8 
8   2 2     8  8   2 2     8 
8           8  8     1     8 
8           8  8     1     8 
8 1         8  8     1     8 
8 1         8  8     1 1 1 8 
8 1 2     1 8  8         2 8 
8 2 2     1 8  8   2   2 2 8 
8   1     1 8  8   2 2 1   8 
8   1 2 2 2 8  8   2   1   8 
8   1 2 2 2 8  8   2 2 1   8 
8 8 8 8 8 8 8  8 8 8 8 8 8 8 

0011    0011
pieces: 6 garbage: 0 attack: 0
pieces: 6 garbage: 0 attack: 0
win
8           8  8           8 
8   1 1 1   8  8   1 1 1   8 
8           8  8           8 
8           8  8           8 
8           8  8           8 
8           8  8           8 
8           8  8           8 
8           8  8           8 
8           8  8           8 
8           8  8           8 
8           8  8           8 
8 8 8 8 8 8 8  8 8 8 8 8 8 8 

1011    0110
pieces: 0 garbage: 0 attack: 0
pieces: 0 garbage: 0 attack: 0
8     2     8  8           8 
8   2 2     8  8   1 1 1   8 
8           8  8           8 
8           8  8           8 
8           8  8           8 
8           8  8           8 
8           8  8           8 
8           8  8           8 
8   1       8  8   1       8 
8   1       8  8   1       8 
8   1       8  8   1       8 
8 8 8 8 8 8 8  8 8 8 8 8 8 8 

0110    1100
pieces: 1 garbage: 0 attack: 0
pieces: 1 garbage: 0 attack: 0
8           8  8     2     8 
8   1 1 1   8  8   2 2     8 
8           8  8           8 
8           8  8           8 
8           8  8           8 
8           8  8           8 
8           8  8           8 
8           8  8   1 1 1   8 
8   1       8  8   1       8 
8   1     2 8  8   1       8 
8   1   2 2 8  8   1       8 
8 8 8 8 8 8 8  8 8 8 8 8 8 8 

1100    1001
pieces: 2 garbage: 0 attack: 0
pieces: 2 garbage: 0 attack: 0
8     2     8  8     2     8 
8   2 2     8  8   2 2     8 
8           8  8           8 
8           8  8           8 
8           8  8           8 
8           8  8           8 
8           8  8       2 2 8 
8 1 1 1     8  8   1 1 1 2 8 
8   1       8  8   1       8 
8   1     2 8  8   1       8 
8   1   2 2 8  8   1       8 
8 8 8 8 8 8 8  8 8 8 8 8 8 8 

1001    0011
pieces: 3 garbage: 0 attack: 0
pieces: 3 garbage: 0 attack: 0
8     2     8  8           8 
8   2 2     8  8   1 1 1   8 
8           8  8           8 
8           8  8           8 
8           8  8           8 
8           8  8   2       8 
8           8  8   2 2 2 2 8 
8 1 1 1   2 8  8   1 1 1 2 8 
8   1   2 2 8  8   1       8 
8   1     2 8  8   1       8 
8   1   2 2 8  8   1       8 
8 8 8 8 8 8 8  8 8 8 8 8 8 8 

0011    0110
pieces: 4 garbage: 0 attack: 0
pieces: 4 garbage: 0 attack: 0
8           8  8           8 
8   1 1 1   8  8   1 1 1   8 
8           8  8           8 
8           8  8           8 
8           8  8           8 
8       2   8  8   2 1 1 1 8 
8       2 2 8  8   2 2 2 2 8 
8 1 1 1   2 8  8   1 1 1 2 8 
8   1   2 2 8  8   1       8 
8   1     2 8  8   1       8 
8   1   2 2 8  8   1       8 
8 8 8 8 8 8 8  8 8 8 8 8 8 8 

0110    1101
pieces: 5 garbage: 0 attack: 0
pieces: 5 garbage: 0 attack: 0
8           8  8     2     8 
8   1 1 1   8  8   2 2     8 
8           8  8           8 
8           8  8           8 
8 1         8  8   1 1 1   8 
8 1     2   8  8   2 1 1 1 8 
8 1     2 2 8  8   2 2 2 2 8 
8 1 1 1   2 8  8   1 1 1 2 8 
8   1   2 2 8  8   1       8 
8   1     2 8  8   1       8 
8   1   2 2 8  8   1       8 
8 8 8 8 8 8 8  8 8 8 8 8 8 8 

1100    1010
pieces: 6 garbage: 0 attack: 0
pieces: 6 garbage: 0 attack: 0
8     2     8  8     2     8 
8   2 2     8  8   2 2     8 
8       1   8  8         2 8 
8       1   8  8       2 2 8 
8 1     1   8  8   1 1 1   8 
8 1     2   8  8   2 1 1 1 8 
8 1     2 2 8  8   2 2 2 2 8 
8 1 1 1   2 8  8   1 1 1 2 8 
8   1   2 2 8  8   1       8 
8   1     2 8  8   1       8 
8   1   2 2 8  8   1       8 
8 8 8 8 8 8 8  8 8 8 8 8 8 8 

1001    0101
pieces: 7 garbage: 0 attack: 0
pieces: 7 garbage: 0 attack: 0
win
8           8  8           8 
8   1 1 1   8  8   1 1 1   8 
8           8  8           8 
8           8  8           8 
8           8  8           8 
8           8  8           8 
8           8  8           8 
8           8  8           8 
8           8  8           8 
8           8  8           8 
8           8  8           8 
8 8 8 8 8 8 8  8 8 8 8 8 8 8 

1100    0110
pieces: 0 garbage: 0 attack: 0
pieces: 0 garbage: 0 attack: 0
8     2     8  8           8 
8   2 2     8  8   1 1 1   8 
8           8  8           8 
8           8  8           8 
8           8  8           8 
8           8  8           8 
8           8  8           8 
8           8  8           8 
8   1       8  8           8 
8   1       8  8           8 
8   1       8  8   1 1 1   8 
8 8 8 8 8 8 8  8 8 8 8 8 8 8 

1001    1101
pieces: 1 garbage: 0 attack: 0
pieces: 1 garbage: 0 attack: 0
8     2     8  8     2     8 
8   2 2     8  8   2 2     8 
8           8  8           8 
8           8  8           8 
8           8  8           8 
8           8  8           8 
8           8  8           8 
8           8  8           8 
8   1       8  8           8 
8   1     2 8  8 1 1 1     8 
8   1   2 2 8  8   1 1 1   8 
8 8 8 8 8 8 8  8 8 8 8 8 8 8 

0011    1010
pieces: 2 garbage: 0 attack: 0
pieces: 2 garbage: 0 attack: 0
8           8  8     2     8 
8   1 1 1   8  8   2 2     8 
8           8  8           8 
8           8  8           8 
8           8  8           8 
8           8  8           8 
8   2       8  8           8 
8 2 2       8  8       2   8 
8   1       8  8     2 2   8 
8   1     2 8  8 1 1 1     8 
8   1   2 2 8  8   1 1 1   8 
8 8 8 8 8 8 8  8 8 8 8 8 8 8 

0110    0101
pieces: 3 garbage: 0 attack: 0
pieces: 3 garbage: 0 attack: 0
8           8  8           8 
8   1 1 1   8  8   1 1 1   8 
8           8  8           8 
8           8  8           8 
8 1         8  8           8 
8 1         8  8       2   8 
8 1 2       8  8       2 2 8 
8 2 2       8  8       2   8 
8   1       8  8     2 2   8 
8   1     2 8  8 1 1 1     8 
8   1   2 2 8  8   1 1 1   8 
8 8 8 8 8 8 8  8 8 8 8 8 8 8 

1100    1011
pieces: 4 garbage: 0 attack: 0
pieces: 4 garbage: 0 attack: 0
8     2     8  8     2     8 
8   2 2     8  8   2 2     8 
8           8  8           8 
8           8  8           8 
8 1         8  8   1 1 1   8 
8 1         8  8       2   8 
8 1 2     1 8  8       2 2 8 
8 2 2     1 8  8       2   8 
8   1     1 8  8     2 2   8 
8   1     2 8  8 1 1 1     8 
8   1   2 2 8  8   1 1 1   8 
8 8 8 8 8 8 8  8 8 8 8 8 8 8 

1001    0110
pieces: 5 garbage: 0 attack: 0
pieces: 5 garbage: 0 attack: 0
8     2     8  8           8 
8   2 2     8  8   1 1 1   8 
8           8  8   2       8 
8           8  8   2 2     8 
8 1         8  8   1 1 1   8 
8 1         8  8       2   8 
8 1 2     1 8  8       2 2 8 
8 2 2     1 8  8       2   8 
8   1     1 8  8     2 2   8 
8   1 2 2 2 8  8 1 1 1     8 
8   1 2 2 2 8  8   1 1 1   8 
8 8 8 8 8 8 8  8 8 8 8 8 8 8 

0011    1100
pieces: 6 garbage: 0 attack: 0
pieces: 6 garbage: 0 attack: 0
8           8  8     2     8 
8   1 1 1   8  8   2 2     8 
8           8  8   2 1 1 1 8 
8           8  8   2 2     8 
8 1         8  8   1 1 1   8 
8 1     2 2 8  8       2   8 
8 1 2   2 1 8  8       2 2 8 
8 2 2     1 8  8       2   8 
8   1     1 8  8     2 2   8 
8   1 2 2 2 8  8 1 1 1     8 
8   1 2 2 2 8  8   1 1 1   8 
8 8 8 8 8 8 8  8 8 8 8 8 8 8 

0110    1001
pieces: 7 garbage: 0 attack: 0
pieces: 7 garbage: 0 attack: 0
win
8           8  8           8 
8   1 1 1   8  8   1 1 1   8 
8           8  8           8 
8           8  8           8 
8           8  8           8 
8           8  8           8 
8           8  8           8 
8           8  8           8 
8           8  8           8 
8           8  8           8 
8           8  8           8 
8 8 8 8 8 8 8  8 8 8 8 8 8 8 

1100    1100
pieces: 0 garbage: 0 attack: 0
pieces: 0 garbage: 0 attack: 0
8     2     8  8     2     8 
8   2 2     8  8   2 2     8 
8           8  8           8 
8           8  8           8 
8           8  8           8 
8           8  8           8 
8           8  8           8 
8           8  8           8 
8   1       8  8         1 8 
8   1       8  8         1 8 
8   1       8  8         1 8 
8 8 8 8 8 8 8  8 8 8 8 8 8 8 

1001    1001
pieces: 1 garbage: 0 attack: 0
pieces: 1 garbage: 0 attack: 0
8     2     8  8     2     8 
8   2 2     8  8   2 2     8 
8           8  8           8 
8           8  8           8 
8           8  8           8 
8           8  8           8 
8           8  8           8 
8           8  8           8 
8   1       8  8         1 8 
8   1     2 8  8 2       1 8 
8   1   2 2 8  8 2 2     1 8 
8 8 8 8 8 8 8  8 8 8 8 8 8 8 

0011    0011
pieces: 2 garbage: 0 attack: 0
pieces: 2 garbage: 0 attack: 0
8           8  8           8 
8   1 1 1   8  8   1 1 1   8 
8           8  8           8 
8           8  8           8 
8           8  8           8 
8           8  8           8 
8   2       8  8           8 
8 2 2       8  8           8 
8   1       8  8   2     1 8 
8   1     2 8  8 2 2 2   1 8 
8   1   2 2 8  8 2 2     1 8 
8 8 8 8 8 8 8  8 8 8 8 8 8 8 

0110    0110
pieces: 3 garbage: 0 attack: 0
pieces: 3 garbage: 0 attack: 0
8           8  8           8 
8   1 1 1   8  8   1 1 1   8 
8           8  8           8 
8           8  8           8 
8 1         8  8           8 
8 1         8  8           8 
8 1 2       8  8 1         8 
8 2 2       8  8 1         8 
8   1       8  8 1 2     1 8 
8   1     2 8  8 2 2 2   1 8 
8   1   2 2 8  8 2 2     1 8 
8 8 8 8 8 8 8  8 8 8 8 8 8 8 

1100    1100
pieces: 4 garbage: 0 attack: 0
pieces: 4 garbage: 0 attack: 0
8     2     8  8     2     8 
8   2 2     8  8   2 2     8 
8           8  8           8 
8           8  8           8 
8 1         8  8           8 
8 1         8  8           8 
8 1 2     1 8  8 1   1     8 
8 2 2     1 8  8 1   1     8 
8   1     1 8  8 1 2 1   1 8 
8   1     2 8  8 2 2 2   1 8 
8   1   2 2 8  8 2 2     1 8 
8 8 8 8 8 8 8  8 8 8 8 8 8 8 

1001    1001
pieces: 5 garbage: 0 attack: 0
pieces: 5 garbage: 0 attack: 0
8     2     8  8     2     8 
8   2 2     8  8   2 2     8 
8           8  8           8 
8           8  8           8 
8 1         8  8   2       8 
8 1         8  8   2 2     8 
8 1 2     1 8  8 1   1     8 
8 2 2     1 8  8 1   1     8 
8   1     1 8  8 1 2 1   1 8 
8   1 2 2 2 8  8 2 2 2   1 8 
8   1 2 2 2 8  8 2 2     1 8 
8 8 8 8 8 8 8  8 8 8 8 8 8 8 

0011    0011
pieces: 6 garbage: 0 attack: 0
pieces: 6 garbage: 0 attack: 0
8           8  8           8 
8   1 1 1   8  8   1 1 1   8 
8           8  8           8 
8           8  8           8 
8 1         8  8   2 2 2   8 
8 1     2 2 8  8   2 2 2   8 
8 1 2   2 1 8  8 1   1     8 
8 2 2     1 8  8 1   1     8 
8   1     1 8  8 1 2 1   1 8 
8   1 2 2 2 8  8 2 2 2   1 8 
8   1 2 2 2 8  8 2 2     1 8 
8 8 8 8 8 8 8  8 8 8 8 8 8 8 

0110    0110
pieces: 7 garbage: 0 attack: 0
pieces: 7 garbage: 0 attack: 0
win
8           8  8           8 
8   1 1 1   8  8   1 1 1   8 
8           8  8           8 
8           8  8           8 
8           8  8           8 
8           8  8           8 
8           8  8           8 
8           8  8           8 
8           8  8           8 
8           8  8           8 
8           8  8           8 
8 8 8 8 8 8 8  8 8 8 8 8 8 8 

1101    1100
pieces: 0 garbage: 0 attack: 0
pieces: 0 garbage: 0 attack: 0
8     2     8  8     2     8 
8   2 2     8  8   2 2     8 
8           8  8           8 
8           8  8           8 
8           8  8           8 
8           8  8           8 
8           8  8           8 
8           8  8           8 
8   1       8  8   1       8 
8   1       8  8   1       8 
8   1       8  8   1       8 
8 8 8 8 8 8 8  8 8 8 8 8 8 8 

1011    1001
pieces: 1 garbage: 0 attack: 0
pieces: 1 garbage: 0 attack: 0
8     2     8  8     2     8 
8   2 2     8  8   2 2     8 
8           8  8           8 
8           8  8           8 
8           8  8           8 
8           8  8           8 
8           8  8     2     8 
8           8  8   2 2     8 
8   1       8  8   1       8 
8   1     2 8  8   1       8 
8   1   2 2 8  8   1       8 
8 8 8 8 8 8 8  8 8 8 8 8 8 8 

0110    0011
pieces: 2 garbage: 0 attack: 0
pieces: 2 garbage: 0 attack: 0
8           8  8           8 
8   1 1 1   8  8   1 1 1   8 
8           8  8           8 
8           8  8           8 
8           8  8           8 
8           8  8     2 2   8 
8   2       8  8     2 2   8 
8 2 2       8  8   2 2     8 
8   1       8  8   1       8 
8   1     2 8  8   1       8 
8   1   2 2 8  8   1       8 
8 8 8 8 8 8 8  8 8 8 8 8 8 8 

1100    0110
pieces: 3 garbage: 0 attack: 0
pieces: 3 garbage: 0 attack: 0
8     2     8  8           8 
8   2 2     8  8   1 1 1   8 
8           8  8           8 
8           8  8           8 
8 1         8  8           8 
8 1         8  8     2 2   8 
8 1 2       8  8     2 2   8 
8 2 2       8  8   2 2     8 
8   1       8  8   1   1   8 
8   1     2 8  8   1   1   8 
8   1   2 2 8  8   1   1   8 
8 8 8 8 8 8 8  8 8 8 8 8 8 8 

1000    1101
pieces: 4 garbage: 0 attack: 0
pieces: 4 garbage: 0 attack: 0
8     2     8  8     2     8 
8   2 2     8  8   2 2     8 
8           8  8       1   8 
8           8  8       1   8 
8 1         8  8       1   8 
8 1         8  8     2 2   8 
8 1 2       8  8     2 2   8 
8 2 2     2 8  8   2 2     8 
8   1   2 2 8  8   1   1   8 
8   1     2 8  8   1   1   8 
8   1   2 2 8  8   1   1   8 
8 8 8 8 8 8 8  8 8 8 8 8 8 8 

0001    1011
pieces: 5 garbage: 0 attack: 0
pieces: 5 garbage: 0 attack: 0
8           8  8     2     8 
8   1 1 1   8  8   2 2     8 
8           8  8       1   8 
8           8  8   2   1   8 
8 1         8  8   2 2 1   8 
8 1     2   8  8     2 2   8 
8 1 2   2 2 8  8     2 2   8 
8 2 2     2 8  8   2 2     8 
8   1   2 2 8  8   1   1   8 
8   1     2 8  8   1   1   8 
8   1   2 2 8  8   1   1   8 
8 8 8 8 8 8 8  8 8 8 8 8 8 8 

0011    0110
pieces: 6 garbage: 0 attack: 0
pieces: 6 garbage: 0 attack: 0
win
8           8  8           8 
8   1 1 1   8  8   1 1 1   8 
8           8  8           8 
8           8  8           8 
8           8  8           8 
8           8  8           8 
8           8  8           8 
8           8  8           8 
8           8  8           8 
8           8  8           8 
8           8  8           8 
8 8 8 8 8 8 8  8 8 8 8 8 8 8 

1100    0110
pieces: 0 garbage: 0 attack: 0
pieces: 0 garbage: 0 attack: 0
8     2     8  8           8 
8   2 2     8  8   1 1 1   8 
8           8  8           8 
8           8  8           8 
8           8  8           8 
8           8  8           8 
8           8  8           8 
8           8  8           8 
8   1       8  8   1       8 
8   1       8  8   1       8 
8   1       8  8   1       8 
8 8 8 8 8 8 8  8 8 8 8 8 8 8 

1001    1100
pieces: 1 garbage: 0 attack: 0
pieces: 1 garbage: 0 attack: 0
8     2     8  8     2     8 
8   2 2     8  8   2 2     8 
8           8  8           8 
8           8  8           8 
8           8  8           8 
8           8  8           8 
8           8  8           8 
8           8  8   1 1 1   8 
8   1       8  8   1       8 
8   1     2 8  8   1       8 
8   1   2 2 8  8   1       8 
8 8 8 8 8 8 8  8 8 8 8 8 8 8 

0011    1001
pieces: 2 garbage: 0 attack: 0
pieces: 2 garbage: 0 attack: 0
8           8  8     2     8 
8   1 1 1   8  8   2 2     8 
8           8  8           8 
8           8  8           8 
8           8  8           8 
8           8  8       2 2 8 
8   2       8  8       2   8 
8 2 2       8  8   1 1 1   8 
8   1       8  8   1       8 
8   1     2 8  8   1       8 
8   1   2 2 8  8   1       8 
8 8 8 8 8 8 8  8 8 8 8 8 8 8 

0110    0011
pieces: 3 garbage: 0 attack: 0
pieces: 3 garbage: 0 attack: 0
8           8  8           8 
8   1 1 1   8  8   1 1 1   8 
8           8  8           8 
8           8  8     2     8 
8 1         8  8     2 2   8 
8 1         8  8       2 2 8 
8 1 2       8  8       2   8 
8 2 2       8  8   1 1 1   8 
8   1       8  8   1       8 
8   1     2 8  8   1       8 
8   1   2 2 8  8   1       8 
8 8 8 8 8 8 8  8 8 8 8 8 8 8 

1101    0111
pieces: 4 garbage: 0 attack: 0
pieces: 4 garbage: 0 attack: 0
8     2     8  8           8 
8   2 2     8  8   1 1 1   8 
8           8  8           8 
8           8  8     2     8 
8 1         8  8     2 2   8 
8 1         8  8       2 2 8 
8 1 2     1 8  8       2   8 
8 2 2     1 8  8   1 1 1   8 
8   1     1 8  8 1 1       8 
8   1     2 8  8 1 1       8 
8   1   2 2 8  8 1 1       8 
8 8 8 8 8 8 8  8 8 8 8 8 8 8 

1011    1110
pieces: 5 garbage: 0 attack: 0
pieces: 5 garbage: 0 attack: 0
win
8     2     8  8     2     8 
8   2 2     8  8   2 2     8 
8           8  8           8 
8           8  8           8 
8           8  8           8 
8           8  8           8 
8           8  8           8 
8           8  8           8 
8           8  8           8 
8           8  8           8 
8           8  8           8 
8 8 8 8 8 8 8  8 8 8 8 8 8 8 

1000    0010
pieces: 0 garbage: 0 attack: 0
pieces: 0 garbage: 0 attack: 0
8     2     8  8           8 
8   2 2     8  8   1 1 1   8 
8           8  8           8 
8           8  8           8 
8           8  8           8 
8           8  8           8 
8           8  8           8 
8           8  8           8 
8           8  8           8 
8         2 8  8     2 2   8 
8       2 2 8  8     2     8 
8 8 8 8 8 8 8  8 8 8 8 8 8 8 

0001    0101
pieces: 1 garbage: 0 attack: 0
pieces: 1 garbage: 0 attack: 0
8           8  8           8 
8   1 1 1   8  8   1 1 1   8 
8           8  8           8 
8           8  8           8 
8           8  8           8 
8           8  8           8 
8           8  8           8 
8         2 8  8           8 
8       2 2 8  8   1 1 1   8 
8         2 8  8     2 2   8 
8       2 2 8  8     2     8 
8 8 8 8 8 8 8  8 8 8 8 8 8 8 

0011    1010
pieces: 2 garbage: 0 attack: 0
pieces: 2 garbage: 0 attack: 0
8           8  8     2     8 
8   1 1 1   8  8   2 2     8 
8           8  8           8 
8           8  8           8 
8           8  8           8 
8           8  8       1   8 
8           8  8       1   8 
8         2 8  8       1   8 
8   1   2 2 8  8   1 1 1   8 
8   1     2 8  8     2 2   8 
8   1   2 2 8  8     2     8 
8 8 8 8 8 8 8  8 8 8 8 8 8 8 

0110    0101
pieces: 3 garbage: 0 attack: 0
pieces: 3 garbage: 0 attack: 0
8           8  8           8 
8   1 1 1   8  8   1 1 1   8 
8           8  8           8 
8           8  8           8 
8           8  8     2 2   8 
8           8  8     2 1   8 
8           8  8       1   8 
8 1 1 1   2 8  8       1   8 
8   1   2 2 8  8   1 1 1   8 
8   1     2 8  8     2 2   8 
8   1   2 2 8  8     2     8 
8 8 8 8 8 8 8  8 8 8 8 8 8 8 

1101    1010
pieces: 4 garbage: 0 attack: 0
pieces: 4 garbage: 0 attack: 0
8     2     8  8     2     8 
8   2 2     8  8   2 2     8 
8           8  8           8 
8           8  8           8 
8 1         8  8     2 2   8 
8 1         8  8   1 2 1   8 
8 1         8  8   1   1   8 
8 1 1 1   2 8  8   1   1   8 
8   1   2 2 8  8   1 1 1   8 
8   1     2 8  8     2 2   8 
8   1   2 2 8  8     2     8 
8 8 8 8 8 8 8  8 8 8 8 8 8 8 

1011    0101
pieces: 5 garbage: 0 attack: 0
pieces: 5 garbage: 0 attack: 0
8     2     8  8           8 
8   2 2     8  8   1 1 1   8 
8           8  8           8 
8           8  8   2 2     8 
8 1         8  8   2 2 2   8 
8 1     2   8  8   1 2 1   8 
8 1     2 2 8  8   1   1   8 
8 1 1 1   2 8  8   1   1   8 
8   1   2 2 8  8   1 1 1   8 
8   1     2 8  8     2 2   8 
8   1   2 2 8  8     2     8 
8 8 8 8 8 8 8  8 8 8 8 8 8 8 

0110    1010
pieces: 6 garbage: 0 attack: 0
pieces: 6 garbage: 0 attack: 0
8           8  8     2     8 
8   1 1 1   8  8   2 2     8 
8           8  8     1 1 1 8 
8       2   8  8   2 2     8 
8 1     2 2 8  8   2 2 2   8 
8 1     2   8  8   1 2 1   8 
8 1     2 2 8  8   1   1   8 
8 1 1 1   2 8  8   1   1   8 
8   1   2 2 8  8   1 1 1   8 
8   1     2 8  8     2 2   8 
8   1   2 2 8  8     2     8 
8 8 8 8 8 8 8  8 8 8 8 8 8 8 

1100    0101
pieces: 7 garbage: 0 attack: 0
pieces: 7 garbage: 0 attack: 0
win
8     2     8  8     2     8 
8   2 2     8  8   2 2     8 
8           8  8           8 
8           8  8           8 
8           8  8           8 
8           8  8           8 
8           8  8           8 
8           8  8           8 
8           8  8           8 
8           8  8           8 
8           8  8           8 
8 8 8 8 8 8 8  8 8 8 8 8 8 8 

0010    0010
pieces: 0 garbage: 0 attack: 0
pieces: 0 garbage: 0 attack: 0
8           8  8           8 
8   1 1 1   8  8   1 1 1   8 
8           8  8           8 
8           8  8           8 
8           8  8           8 
8           8  8           8 
8           8  8           8 
8           8  8           8 
8           8  8           8 
8         2 8  8   2 2     8 
8       2 2 8  8   2       8 
8 8 8 8 8 8 8  8 8 8 8 8 8 8 

0101    0101
pieces: 1 garbage: 0 attack: 0
pieces: 1 garbage: 0 attack: 0
8           8  8           8 
8   1 1 1   8  8   1 1 1   8 
8           8  8           8 
8           8  8           8 
8           8  8           8 
8           8  8           8 
8           8  8     1     8 
8           8  8     1     8 
8   1       8  8     1     8 
8   1     2 8  8   2 2     8 
8   1   2 2 8  8   2       8 
8 8 8 8 8 8 8  8 8 8 8 8 8 8 

1010    1010
pieces: 2 garbage: 0 attack: 0
pieces: 2 garbage: 0 attack: 0
8     2     8  8     2     8 
8   2 2     8  8   2 2     8 
8           8  8           8 
8           8  8           8 
8           8  8           8 
8           8  8           8 
8           8  8     1     8 
8 1 1 1     8  8     1     8 
8   1       8  8     1   1 8 
8   1     2 8  8   2 2   1 8 
8   1   2 2 8  8   2     1 8 
8 8 8 8 8 8 8  8 8 8 8 8 8 8 

0101    0101
pieces: 3 garbage: 0 attack: 0
pieces: 3 garbage: 0 attack: 0
8           8  8           8 
8   1 1 1   8  8   1 1 1   8 
8           8  8           8 
8           8  8           8 
8           8  8       2   8 
8           8  8     2 2   8 
8           8  8     1     8 
8 1 1 1   2 8  8     1     8 
8   1   2 2 8  8     1   1 8 
8   1     2 8  8   2 2   1 8 
8   1   2 2 8  8   2     1 8 
8 8 8 8 8 8 8  8 8 8 8 8 8 8 

1011    1010
pieces: 4 garbage: 0 attack: 0
pieces: 4 garbage: 0 attack: 0
8     2     8  8     2     8 
8   2 2     8  8   2 2     8 
8           8  8           8 
8           8  8           8 
8 1         8  8       2   8 
8 1         8  8     2 2   8 
8 1         8  8     1     8 
8 1 1 1   2 8  8     1     8 
8   1   2 2 8  8 1   1   1 8 
8   1     2 8  8 1 2 2   1 8 
8   1   2 2 8  8 1 2     1 8 
8 8 8 8 8 8 8  8 8 8 8 8 8 8 

0110    0100
pieces: 5 garbage: 0 attack: 0
pieces: 5 garbage: 0 attack: 0
8           8  8           8 
8   1 1 1   8  8   1 1 1   8 
8           8  8           8 
8           8  8     2     8 
8 1         8  8   2 2 2   8 
8 1     2   8  8     2 2   8 
8 1     2 2 8  8     1     8 
8 1 1 1   2 8  8     1     8 
8   1   2 2 8  8 1   1   1 8 
8   1     2 8  8 1 2 2   1 8 
8   1   2 2 8  8 1 2     1 8 
8 8 8 8 8 8 8  8 8 8 8 8 8 8 

1100    1001
pieces: 6 garbage: 0 attack: 0
pieces: 6 garbage: 0 attack: 0
8     2     8  8     2     8 
8   2 2     8  8   2 2     8 
8       1   8  8           8 
8       1   8  8     2     8 
8 1     1   8  8   2 2 2   8 
8 1     2   8  8 1   2 2   8 
8 1     2 2 8  8 1   1     8 
8 1 1 1   2 8  8 1   1     8 
8   1   2 2 8  8 1   1   1 8 
8   1     2 8  8 1 2 2   1 8 
8   1   2 2 8  8 1 2     1 8 
8 8 8 8 8 8 8  8 8 8 8 8 8 8 

1001    0011
pieces: 7 garbage: 0 attack: 0
pieces: 7 garbage: 0 attack: 0
win
8           8  8           8 
8   1 1 1   8  8   1 1 1   8 
8           8  8           8 
8           8  8           8 
8           8  8           8 
8           8  8           8 
8           8  8           8 
8           8  8           8 
8           8  8           8 
8           8  8           8 
8           8  8           8 
8 8 8 8 8 8 8  8 8 8 8 8 8 8 

1100    0111
pieces: 0 garbage: 0 attack: 0
pieces: 0 garbage: 0 attack: 0