494 100834.296875
988 38228.34765625
1482 9006.4013671875
1976 -19236.50390625
2470 -34559.3046875
2964 -38398.96484375
3458 -21154.00390625
3952 -35301.58984375
4446 -27952.587890625
494 23920.689453125
988 4026.677734375
1482 -9052.015625
1976 -10981.45703125
2470 -10183.376953125
2964 -13008.0439453125
3458 -14986.6455078125
3952 -15968.02734375
4446 -16743.126953125
4940 -11703.0419921875
5434 -5726.83349609375
5928 -4233.373046875
6422 -5404.462890625
6916 -2908.796630859375
7410 -4519.43212890625
7904 -3735.002197265625
8398 -4191.30126953125
8892 -6667.42626953125
9386 -4433.76904296875
9880 4780.62646484375
10374 -4446.763671875
10868 -3301.09814453125
11362 -5527.2900390625
11856 3336.721435546875
12350 -640.4725341796875
12844 2474.5126953125
13338 -1896.6119384765625
13832 -7611.173828125
14326 -718.4581298828125
14820 6266.79931640625
15314 -3598.891845703125
15808 12374.2822265625
16302 3283.201416015625
16796 -12705.3076171875
17290 3802.90283203125