6743.8984375
16759.56640625
7359.88330078125
9112.2353515625
532.1131591796875
904.7070922851562
6116.3427734375
13037.46484375
25434.2734375
19296.22265625
13165.888671875
10750.359375
4191.94384765625
7560.73779296875
9636.892578125
2345.8017578125
12709.53515625
7802.7490234375
7917.3427734375
7285.89111328125
11277.828125
18655.279296875
21905.84375
9353.572265625
17825.375
19774.4140625
17501.923828125
13793.5888671875
19063.513671875
9681.521484375
7198.9140625
8713.701171875
10114.62109375
11322.2177734375
8789.1259765625
10593.8466796875
8902.3876953125
11603.068359375
16679.9453125
12566.900390625
10765.2216796875
12420.40234375
6052.71875
9055.5390625
13315.5927734375
12958.3828125
10882.6826171875
13472.6455078125
13152.20703125
10608.818359375
9766.533203125
13308.66015625
12748.001953125
13805.6982421875
18073.25
14279.544921875
12775.7158203125
12744.2548828125
14857.41796875
16169.8017578125
11743.9794921875
17668.005859375
13728.20703125
20451.935546875
15175.900390625
13292.34765625
12201.1904296875
16801.6015625
14755.810546875
20309.611328125
16087.18359375
16552.091796875
15064.599609375
19525.009765625
17938.791015625
16127.0693359375
21349.064453125
18928.03515625
17914.669921875
11825.2548828125
16385.322265625
25419.83203125
19780.775390625
25811.375
18627.6484375
20452.322265625
16550.908203125
15066.640625
18165.755859375
19282.388671875
26457.521484375
25208.533203125
27306.228515625
19461.693359375
26107.888671875
19392.974609375
20707.1171875
18667.15625
21930.552734375
16758.921875
26157.7890625
11418.130859375
18243.791015625
22491.525390625
26693.68359375
26219.48046875
21946.109375
20189.3984375
17663.90234375
9361.23046875
20580.01171875
17870.25390625
19448.51171875
18818.853515625
21427.3984375
22134.93359375
24101.041015625
15384.6728515625
14569.4716796875
12800.15625
17924.96484375
16963.970703125
14119.5
17417.71875
17624.73828125
19636.05078125
18469.384765625
15309.3154296875
15394.697265625
9308.265625
12490.0458984375
16610.25
12790.775390625
13839.5849609375
14271.0419921875
12075.1787109375
13931.5556640625
15848.396484375
11702.255859375
16946.8125
12452.46484375
13438.7421875
10200.189453125
11444.21875
11371.4326171875
15709.0283203125
12476.1962890625
13759.0810546875
13341.662109375
10859.16015625
7107.83447265625
11594.599609375
11227.8046875
12349.578125
13010.599609375
10108.3583984375
10328.1513671875
12739.1142578125
11968.0390625
9081.8876953125
8235.7236328125
11359.732421875
9386.6328125
11815.8935546875
10217.083984375
9466.48046875
7930.291015625
8018.748046875
4938.8193359375
8547.203125
8884.3857421875
10234.54296875
6251.5556640625
5712.1396484375
5696.94287109375
6668.42724609375
9612.69140625
8943.1220703125
5246.46826171875
6645.48779296875
6425.53955078125
6522.7294921875
5583.99560546875
7526.7236328125
7548.30615234375
5452.11279296875
4033.420654296875
4014.166015625
3973.3642578125
5786.53564453125
5309.0205078125
3031.892578125
3354.145751953125
3858.64306640625
3691.00146484375
6710.662109375
6168.1181640625
6104.50830078125
4163.84521484375
2354.101806640625
2614.97021484375
960.20703125
2004.2322998046875
765.7420043945312
1278.182861328125
1437.0792236328125
1756.425537109375
2667.102783203125
2487.405029296875
3372.201904296875
4153.2109375
4399.8115234375
5704.7587890625
4812.7490234375
4622.26953125
4060.191162109375
3016.9521484375
2415.8125
1936.31640625
2521.271728515625
2270.238037109375
1748.3201904296875
1827.5391845703125
1373.8731689453125
1919.4189453125
1393.8741455078125
1665.8985595703125
1083.8482666015625
1653.3277587890625
1687.2408447265625
1214.2933349609375
1361.28955078125
1069.5703125
1370.3270263671875
1060.1021728515625
792.768798828125
887.4059448242188
847.599365234375
699.4140014648438
1112.505615234375
760.1846313476562
1096.0155029296875
1188.564453125
1391.8232421875
1304.78271484375
1044.641845703125
982.2005615234375
753.2957763671875
740.6145629882812
612.841552734375
546.58251953125
496.14044189453125
425.4105529785156
433.8161315917969
420.74322509765625
568.4672241210938
499.2342224121094
387.2062072753906
534.95751953125
552.1869506835938
473.4247741699219
540.2927856445312
725.297607421875
472.084228515625
671.2770385742188
722.5486450195312
933.4724731445312
984.4149780273438
713.5403442382812
678.8402099609375
941.224365234375
811.572509765625
978.4517211914062
747.340576171875
661.3452758789062
722.4515991210938
1126.8863525390625
892.697509765625
912.9992065429688
807.3031616210938
1402.32080078125
1546.825439453125
1162.723876953125
1252.3973388671875
862.4370727539062
930.8123779296875
1248.9605712890625
1468.5244140625
2058.453857421875
1956.9110107421875
1399.9337158203125
1067.6392822265625
1071.28515625
940.6829223632812
1139.77978515625
3053.747802734375
2407.243408203125
1758.8372802734375
1214.4129638671875
761.9097290039062
748.698974609375
1849.0389404296875
1943.450439453125
2652.714111328125
4315.3671875
4789.69384765625
6375.6494140625
7467.76513671875
7387.3984375
7231.59716796875
7544.59912109375
6992.3369140625
7426.77685546875
5817.51025390625
6240.41015625
5356.89697265625
5989.2001953125
5724.4033203125
5246.60498046875
6553.29443359375
7306.22607421875
7293.55712890625
8544.67578125
7856.62548828125
8813.5400390625
8406.0283203125
9222.6181640625
7891.72705078125
7530.5380859375
6444.54345703125
6489.19921875
6515.39453125
7055.99609375
6499.66455078125
5352.97265625
5159.7958984375
4155.05419921875
4538.13232421875
4680.99560546875
5345.77880859375
5289.36376953125
5053.50146484375
4328.1240234375
4260.52197265625
3636.7470703125
3514.836669921875
3384.03662109375
2815.179931640625
3005.3291015625
3566.532958984375
3321.22021484375
3493.698486328125
3595.89306640625
3140.261474609375
3489.595947265625
2269.41357421875
2457.81396484375
3295.933349609375
3553.1328125
3252.62744140625
3588.46484375
3841.726318359375
3941.438232421875
4141.345703125
4826.54248046875
4745.240234375
3759.327392578125
3787.2421875
2047.8228759765625
2396.373779296875
2673.511962890625
3095.3291015625
2202.6318359375
1762.8958740234375
1770.67724609375
1354.8209228515625
1169.40185546875
582.588623046875
1113.7994384765625
636.414794921875
661.2318725585938
874.5560302734375
756.0110473632812
675.6703491210938
606.8969116210938
490.20440673828125
629.7390747070312
416.44012451171875
328.7837829589844
126.03267669677734
202.26902770996094
270.6559753417969
289.581787109375
221.382568359375
398.5972595214844
207.49803161621094
277.978515625
174.5030059814453
14.779145240783691
121.7227783203125
277.52520751953125
275.8194885253906
168.6973419189453
97.9475326538086
217.6387176513672
77.87319946289062
267.9630432128906
277.0554504394531
218.86019897460938
331.76776123046875
354.5240478515625
131.48751831054688
181.4434814453125
79.20315551757812
114.91818237304688
185.12872314453125
273.9189453125
248.91929626464844
93.88954162597656
393.02783203125
181.21249389648438
335.1392517089844
277.9620361328125
367.3082275390625
433.86712646484375
284.1031494140625
332.8124694824219
277.99114990234375
384.592529296875
297.5212097167969
324.3226623535156
747.415283203125
440.406005859375
501.6387634277344
550.1683349609375
405.0109558105469
653.3405151367188
569.4804077148438
377.4595031738281
919.6321411132812
459.42034912109375
532.794189453125
398.48834228515625
572.8976440429688
553.9088134765625
493.54998779296875
446.7436218261719
560.4020385742188
642.6474609375
535.3938598632812
662.7680053710938
531.3284912109375
535.4987182617188
783.6401977539062
680.9727783203125
620.0997314453125
1006.875732421875
1121.943115234375
1280.89453125
1357.718017578125
1581.80908203125
1935.110107421875
1725.045166015625
1935.8370361328125
1286.315673828125
1944.1912841796875
2080.454345703125
2249.7705078125
2883.863525390625
2568.11328125
1605.50048828125
1216.7491455078125
1446.750244140625
1853.0465087890625
2850.598876953125
3279.234375
3166.93212890625
2662.416015625
2849.847412109375
2608.31689453125
2144.536376953125
2605.239013671875
2330.518310546875
2425.76953125
2809.195556640625
2377.966796875
2490.459228515625
2502.877685546875
3459.63134765625
2490.4228515625
2926.615966796875
3184.85205078125
2642.637939453125
3703.7578125
3827.100830078125
5433.68505859375
5762.501953125
6541.8955078125
7492.02587890625
8051.0927734375
5689.3369140625
6335.35205078125
6487.455078125
5251.78857421875
6905.888671875
5006.2880859375
5755.73779296875
6677.34716796875
6447.58837890625
4915.95361328125
5747.7294921875
5151.45166015625
6708.99560546875
5369.21533203125
4068.23583984375
5182.181640625
3828.2177734375
3722.90478515625
3332.81396484375
2852.690673828125
3201.7392578125
465.40057373046875
954.2117919921875
2232.704345703125
366.12646484375
359.40325927734375
510.37945556640625
598.5154418945312
745.1677856445312
566.7110595703125
362.4508972167969
284.6378173828125
202.7286834716797
242.33082580566406
329.9242858886719
294.7087707519531
276.2355041503906
137.3327178955078
96.0567855834961
88.44060516357422
69.56678009033203
109.22715759277344
76.94965362548828
128.74053955078125
47.902809143066406
97.20944213867188
102.1147689819336
42.036651611328125
59.19645690917969
271.775634765625
345.4211120605469
198.5478057861328
61.9609260559082
-0.10975086688995361
155.05091857910156
59.353816986083984
7.580601215362549
274.28497314453125
21.41097640991211
57.62886428833008
75.46553039550781
41.655250549316406
-29.042238235473633
75.73247528076172
9.104884147644043
59.66497039794922
62.85887908935547
27.115562438964844
47.31093215942383
9.597718238830566
11.717140197753906
1.509270191192627
46.04827880859375
13.273388862609863
7.089077472686768
-36.20352554321289
38.1485595703125
6.561280727386475
-4.213135242462158
39.74507141113281
28.84785270690918
6.7128119468688965
6.380122661590576
32.91748809814453
12.558039665222168
3.110212802886963
5.635311126708984
41.53050994873047
13.063090324401855
44.898704528808594
16.921762466430664
8.526697158813477
11.73006820678711
37.03551483154297
50.079437255859375
22.267086029052734
-32.22117233276367
28.90361213684082
23.78052520751953
59.48666000366211
8.882574081420898
49.998779296875
34.8348388671875
113.28328704833984
73.02918243408203
189.8790283203125
286.6903381347656
280.56683349609375
39.954368591308594
-37.678733825683594
-3.2481765747070312
17.769330978393555
74.5021743774414
75.09732818603516
22.793140411376953
128.7444305419922
28.994457244873047
118.91374969482422
116.3000717163086
36.77299880981445
40.80067825317383
27.161605834960938
15.403051376342773
55.70158767700195
19.96446418762207
11.922475814819336
7.203222751617432
18.83252716064453
21.003177642822266
5.718194484710693
5.486929416656494
8.686328887939453
8.184341430664062
5.756644248962402
5.3654375076293945
-1.1934401988983154
76.42961883544922
6.199912071228027
85.4357681274414
131.44308471679688
27.039567947387695
-5.451931953430176
11.56013011932373
38.243534088134766
-14.870083808898926
114.23495483398438
9.572521209716797
16.038225173950195
22.217012405395508
6.875600337982178
5.48643159866333
26.32318687438965
14.991226196289062
29.48464012145996
2.688300371170044
37.02610397338867
56.81612014770508
17.766828536987305
83.2638168334961
94.25486755371094
25.7209415435791
99.5540542602539
224.00401306152344
284.4299621582031
220.9610595703125
64.28675079345703
7.8264265060424805
17.02623748779297
43.47217559814453
-5.280127048492432
7.299489974975586
17.703550338745117
7.024073600769043
-59.28828048706055
20.085969924926758
6.879642486572266
23.379364013671875
7.390032768249512
21.55760955810547
17.445493698120117
7.82535457611084
17.093503952026367
7.403897285461426
24.105920791625977
26.53681755065918
21.64872932434082
-37.9517822265625
22.75677490234375
18.274295806884766
19.02217674255371
79.70047760009766
8.06261920928955
35.115333557128906
60.265533447265625
50.788352966308594
51.0002326965332
179.68289184570312
175.87503051757812
163.9250030517578
152.9398651123047
83.07991790771484
16.971817016601562
16.685571670532227
6.429229259490967
6.047358989715576
6.241734981536865
4.967195510864258
36.59511947631836
5.227919101715088
5.23729133605957
6.538174629211426
7.434625148773193
6.034586429595947
33.05025863647461
4.962064266204834
5.507488250732422
18.971969604492188
16.86872673034668
10.680370330810547
5.538140773773193
5.084624290466309
5.451249599456787
5.470160007476807
4.834847450256348
5.148064613342285
5.510144233703613
5.388517379760742
5.95235538482666
5.141075134277344
5.359523296356201
5.01027774810791
5.571081161499023
5.310765743255615
5.286531448364258
6.92540979385376
5.541236400604248
25.673728942871094
5.2480082511901855
5.156124591827393
10.170623779296875
19.238325119018555
-4.973991870880127
12.795318603515625
2.5672664642333984
4.85042142868042
-13.544611930847168
-1.367971420288086
13.865798950195312
-5.31990385055542
-8.349333763122559
8.236234664916992
6.707357406616211
5.379331588745117
5.470861434936523
5.648087024688721
6.524623394012451
4.915175914764404
5.459375381469727
5.611384868621826
5.434725761413574
19.3333797454834
5.180503845214844
5.643594264984131
5.553607940673828
6.132144927978516
5.410131931304932
5.2624077796936035
5.2390313148498535
5.294561386108398
5.502376079559326
5.3956170082092285
5.291536808013916
4.790553569793701
10.494112014770508
8.274445533752441
5.629420280456543
17.180713653564453
5.097672939300537
5.418242931365967
5.7927656173706055
5.65177059173584
5.53183650970459
5.811569690704346
5.429375171661377
5.547847270965576
5.05750846862793
4.661304473876953
5.208962440490723
5.269437789916992
5.360586643218994
5.100210666656494
4.660221099853516
5.503786563873291
5.106544017791748
5.171366214752197
5.3263630867004395
5.440292835235596
4.919438362121582
5.31965446472168
5.400973796844482
5.050176620483398
5.103102684020996
5.439934730529785
5.213425159454346
5.536840915679932
4.930821895599365
5.137644290924072
5.748897552490234
5.059683799743652
4.887283802032471
5.333601951599121
5.450019836425781
5.166048526763916
5.210400104522705
5.483413219451904
5.58201789855957
5.472088813781738
5.1298370361328125
5.169862747192383
5.02801513671875
4.850302696228027
5.243106842041016
5.378323554992676
5.518313407897949
5.481948375701904
5.510796070098877
5.024124622344971
5.0886359214782715
5.367692470550537
5.405463695526123
5.1184234619140625
5.070751190185547
5.649776458740234
5.175076484680176
5.309663772583008
5.6714067459106445
5.315340042114258
5.083412170410156
4.742249488830566
4.817624568939209
-10.789877891540527
5.279304504394531
5.324213027954102
5.609597206115723
5.067580699920654
5.003446578979492
5.146252155303955
5.609370708465576
5.281146049499512
5.27789306640625
5.473146915435791
5.3010029792785645
5.322716236114502
5.836688995361328
5.09182596206665
5.179516792297363
5.402852535247803
5.176011562347412
5.424194812774658
5.347090244293213
5.324758529663086
5.2300543785095215
4.949807167053223
5.154916763305664
5.202075958251953
5.017561912536621
5.254092693328857
5.174461841583252
4.851716041564941
5.198387145996094
5.242335319519043
5.29060173034668