8     2     8  8     2     8 
8   2 2     8  8   2 2     8 
8           8  8           8 
8           8  8           8 
8           8  8           8 
8           8  8           8 
8           8  8           8 
8           8  8           8 
8     1     8  8           8 
8     1     8  8           8 
8     1     8  8   1 1 1   8 
8 8 8 8 8 8 8  8 8 8 8 8 8 8 

1001    1001
pieces: 1
pieces: 1
8     2     8  8     2     8 
8   2 2     8  8   2 2     8 
8           8  8           8 
8           8  8           8 
8           8  8           8 
8           8  8           8 
8           8  8           8 
8           8  8           8 
8     1     8  8 2         8 
8 2   1     8  8 2 2       8 
8 2 2 1     8  8   1 1 1   8 
8 8 8 8 8 8 8  8 8 8 8 8 8 8 

0011    0011
pieces: 2
pieces: 2
8           8  8           8 
8   1 1 1   8  8   1 1 1   8 
8           8  8           8 
8           8  8           8 
8           8  8           8 
8           8  8           8 
8     2 2   8  8           8 
8     2     8  8           8 
8     1     8  8 2   2     8 
8 2   1     8  8 2 2 2 2   8 
8 2 2 1     8  8   1 1 1   8 
8 8 8 8 8 8 8  8 8 8 8 8 8 8 

0110    0110
pieces: 3
pieces: 3
8           8  8           8 
8   1 1 1   8  8   1 1 1   8 
8           8  8           8 
8           8  8           8 
8           8  8           8 
8           8  8           8 
8     2 2   8  8           8 
8   1 2     8  8           8 
8   1 1     8  8           8 
8 2 1 1     8  8 2   2   1 8 
8 2 2 1     8  8   1 1 1 1 8 
8 8 8 8 8 8 8  8 8 8 8 8 8 8 

1101    1101
pieces: 4
pieces: 4
8     2     8  8     2     8 
8   2 2     8  8   2 2     8 
8           8  8           8 
8           8  8           8 
8           8  8           8 
8 1   2 2   8  8           8 
8 1 1 2     8  8     1     8 
8 1 1 1     8  8     1     8 
8 2 1 1     8  8     1     8 
8 2 2 1     8  8 2   2   1 8 
8 8 8   8 8 8  8   1 1 1 1 8 
8 8 8 8 8 8 8  8 8 8 8 8 8 8 

1011    1011
pieces: 5
pieces: 5
8     2     8  8     2     8 
8   2 2     8  8   2 2     8 
8           8  8           8 
8     2     8  8           8 
8   2 2     8  8   2       8 
8 1   2 2   8  8   2 2     8 
8 1 1 2     8  8     1     8 
8 1 1 1     8  8     1     8 
8 2 1 1     8  8     1     8 
8 2 2 1     8  8 2   2   1 8 
8 8 8   8 8 8  8   1 1 1 1 8 
8 8 8 8 8 8 8  8 8 8 8 8 8 8 

0110    0110
pieces: 6
pieces: 6
8           8  8           8 
8   1 1 1   8  8   1 1 1   8 
8           8  8   2 2     8 
8     2 2 2 8  8   2       8 
8   2 2 2   8  8   2       8 
8 1   2 2   8  8   2 2     8 
8 1 1 2     8  8     1     8 
8 1 1 1     8  8     1     8 
8 2 1 1     8  8     1     8 
8 2 2 1     8  8 2   2   1 8 
8 8 8   8 8 8  8   1 1 1 1 8 
8 8 8 8 8 8 8  8 8 8 8 8 8 8 

1100    1100
pieces: 7
pieces: 7
8           8  8           8 
8   1 1 1   8  8   1 1 1   8 
8           8  8           8 
8           8  8           8 
8           8  8           8 
8           8  8           8 
8           8  8           8 
8           8  8           8 
8           8  8           8 
8           8  8           8 
8           8  8           8 
8 8 8 8 8 8 8  8 8 8 8 8 8 8 

0111    1100
pieces: 0
pieces: 0
8           8  8     2     8 
8   1 1 1   8  8   2 2     8 
8           8  8           8 
8           8  8           8 
8           8  8           8 
8           8  8           8 
8           8  8           8 
8           8  8           8 
8   1       8  8     1     8 
8   1       8  8     1     8 
8   1       8  8     1     8 
8 8 8 8 8 8 8  8 8 8 8 8 8 8 

1110    1001
pieces: 1
pieces: 1
8     2     8  8     2     8 
8   2 2     8  8   2 2     8 
8           8  8           8 
8           8  8           8 
8           8  8           8 
8           8  8           8 
8           8  8           8 
8           8  8           8 
8   1     1 8  8     1     8 
8   1     1 8  8 2 2 1     8 
8   1     1 8  8   2 1     8 
8 8 8 8 8 8 8  8 8 8 8 8 8 8 

1100    0011
pieces: 2
pieces: 2
8     2     8  8           8 
8   2 2     8  8   1 1 1   8 
8           8  8           8 
8           8  8           8 
8           8  8           8 
8           8  8           8 
8   2 2     8  8       2   8 
8   2       8  8     2 2   8 
8   1     1 8  8     1     8 
8   1     1 8  8 2 2 1     8 
8   1     1 8  8   2 1     8 
8 8 8 8 8 8 8  8 8 8 8 8 8 8 

1001    0110
pieces: 3
pieces: 3
8     2     8  8           8 
8   2 2     8  8   1 1 1   8 
8           8  8           8 
8           8  8       1   8 
8   2 2     8  8       1   8 
8   2       8  8       1   8 
8   2 2     8  8       2   8 
8   2       8  8     2 2   8 
8   1     1 8  8     1     8 
8   1     1 8  8 2 2 1     8 
8   1     1 8  8   2 1     8 
8 8 8 8 8 8 8  8 8 8 8 8 8 8 

0011    1100
pieces: 4
pieces: 4
8           8  8     2     8 
8   1 1 1   8  8   2 2     8 
8           8  8     1 1 1 8 
8 2 2       8  8       1   8 
8 2 2 2     8  8       1   8 
8   2       8  8       1   8 
8   2 2     8  8       2   8 
8   2       8  8     2 2   8 
8   1     1 8  8     1     8 
8   1     1 8  8 2 2 1     8 
8   1     1 8  8   2 1     8 
8 8 8 8 8 8 8  8 8 8 8 8 8 8 

0110    1001
pieces: 5
pieces: 5
8           8  8     2     8 
8   1 1 1   8  8   2 2     8 
8           8  8     1 1 1 8 
8 2 2       8  8       1   8 
8 2 2 2     8  8       1   8 
8   2     1 8  8       1   8 
8   2 2   1 8  8       2   8 
8   2     1 8  8 2   2 2   8 
8   1     1 8  8 2 2 1     8 
8   1     1 8  8 2 2 1     8 
8   1     1 8  8   2 1     8 
8 8 8 8 8 8 8  8 8 8 8 8 8 8 

1100    0011
pieces: 6
pieces: 6
8     2     8  8     2     8 
8   2 2     8  8   2 2     8 
8           8  8           8 
8           8  8           8 
8           8  8           8 
8           8  8           8 
8           8  8           8 
8           8  8           8 
8           8  8           8 
8           8  8           8 
8           8  8           8 
8 8 8 8 8 8 8  8 8 8 8 8 8 8 

1001    1000
pieces: 0
pieces: 0
8     2     8  8     2     8 
8   2 2     8  8   2 2     8 
8           8  8           8 
8           8  8           8 
8           8  8           8 
8           8  8           8 
8           8  8           8 
8           8  8           8 
8           8  8           8 
8   2 2     8  8   2 2     8 
8     2     8  8     2     8 
8 8 8 8 8 8 8  8 8 8 8 8 8 8 

0011    0001
pieces: 1
pieces: 1
8           8  8           8 
8   1 1 1   8  8   1 1 1   8 
8           8  8           8 
8           8  8           8 
8           8  8           8 
8           8  8           8 
8           8  8           8 
8   2 2     8  8           8 
8   2       8  8 2 2       8 
8   2 2     8  8 2 2 2     8 
8     2     8  8     2     8 
8 8 8 8 8 8 8  8 8 8 8 8 8 8 

0110    0011
pieces: 2
pieces: 2
8           8  8           8 
8   1 1 1   8  8   1 1 1   8 
8           8  8           8 
8           8  8           8 
8           8  8           8 
8           8  8           8 
8           8  8           8 
8   2 2     8  8           8 
8 1 2       8  8 2 2   1   8 
8 1 2 2     8  8 2 2 2 1   8 
8 1   2     8  8     2 1   8 
8 8 8 8 8 8 8  8 8 8 8 8 8 8 

1100    0110
pieces: 3
pieces: 3
8     2     8  8           8 
8   2 2     8  8   1 1 1   8 
8           8  8           8 
8           8  8           8 
8           8  8           8 
8           8  8           8 
8           8  8           8 
8   2 2     8  8   1 1 1   8 
8 1 2     1 8  8 2 2   1   8 
8 1 2 2   1 8  8 2 2 2 1   8 
8 1   2   1 8  8     2 1   8 
8 8 8 8 8 8 8  8 8 8 8 8 8 8 

1001    1100
pieces: 4
pieces: 4
8     2     8  8     2     8 
8   2 2     8  8   2 2     8 
8           8  8           8 
8           8  8           8 
8           8  8           8 
8           8  8           8 
8 2 2       8  8           8 
8 2 2 2     8  8           8 
8 1 2     1 8  8   1 1 1   8 
8 1 2 2   1 8  8 2 2   1 1 8 
8 1   2   1 8  8     2 1 1 8 
8 8 8 8 8 8 8  8 8 8 8 8 8 8 

0011    1001
pieces: 5
pieces: 5
8           8  8     2     8 
8   1 1 1   8  8   2 2     8 
8           8  8           8 
8   2       8  8           8 
8   2 2     8  8           8 
8 2 2       8  8           8 
8 2 2 2     8  8   2 2     8 
8 1 2     1 8  8   2       8 
8 1 2 2   1 8  8   1 1 1   8 
8 1   2   1 8  8 2 2   1 1 8 
8 8   8 8 8 8  8     2 1 1 8 
8 8 8 8 8 8 8  8 8 8 8 8 8 8 

0110    0011
pieces: 6
pieces: 6
8           8  8     2     8 
8   1 1 1   8  8   2 2     8 
8           8  8           8 
8           8  8           8 
8           8  8           8 
8           8  8           8 
8           8  8           8 
8           8  8           8 
8           8  8           8 
8           8  8           8 
8           8  8           8 
8 8 8 8 8 8 8  8 8 8 8 8 8 8 

0110    0010
pieces: 0
pieces: 0
8           8  8           8 
8   1 1 1   8  8   1 1 1   8 
8           8  8           8 
8           8  8           8 
8           8  8           8 
8           8  8           8 
8           8  8           8 
8           8  8           8 
8           8  8           8 
8           8  8   2 2     8 
8   1 1 1   8  8   2       8 
8 8 8 8 8 8 8  8 8 8 8 8 8 8 

1100    0100
pieces: 1
pieces: 1
8     2     8  8           8 
8   2 2     8  8   1 1 1   8 
8           8  8           8 
8           8  8           8 
8           8  8           8 
8           8  8           8 
8           8  8   1       8 
8           8  8   1       8 
8           8  8   1       8 
8 1 1 1     8  8   2 2     8 
8   1 1 1   8  8   2       8 
8 8 8 8 8 8 8  8 8 8 8 8 8 8 

1001    1001
pieces: 2
pieces: 2
8     2     8  8     2     8 
8   2 2     8  8   2 2     8 
8           8  8           8 
8           8  8           8 
8           8  8           8 
8           8  8           8 
8           8  8   1       8 
8     2     8  8   1       8 
8     2 2   8  8   1     1 8 
8 1 1 1     8  8   2 2   1 8 
8   1 1 1   8  8   2     1 8 
8 8 8 8 8 8 8  8 8 8 8 8 8 8 

0011    0011
pieces: 3
pieces: 3
8           8  8           8 
8   1 1 1   8  8   1 1 1   8 
8           8  8           8 
8           8  8           8 
8           8  8           8 
8           8  8           8 
8           8  8   1       8 
8 2   2     8  8   1 2     8 
8 2 2 2 2   8  8   1 2 2 1 8 
8 1 1 1     8  8   2 2   1 8 
8   1 1 1   8  8   2     1 8 
8 8 8 8 8 8 8  8 8 8 8 8 8 8 

0111    0111
pieces: 4
pieces: 4
8           8  8           8 
8   1 1 1   8  8   1 1 1   8 
8           8  8           8 
8           8  8   1       8 
8 1         8  8   1       8 
8 1         8  8   1       8 
8 1         8  8   1       8 
8 2   2     8  8   1 2     8 
8 2 2 2 2   8  8   1 2 2 1 8 
8 1 1 1     8  8   2 2   1 8 
8   1 1 1   8  8   2     1 8 
8 8 8 8 8 8 8  8 8 8 8 8 8 8 

1110    1110
pieces: 5
pieces: 5
8     2     8  8     2     8 
8   2 2     8  8   2 2     8 
8           8  8           8 
8           8  8           8 
8 1         8  8   1       8 
8 1     1   8  8   1       8 
8 1     1   8  8   1       8 
8 2   2 1   8  8   1       8 
8 2 2 2 2   8  8   1 2     8 
8 1 1 1     8  8 1 2 2   1 8 
8   1 1 1   8  8 1 2     1 8 
8 8 8 8 8 8 8  8 8 8 8 8 8 8 

1100    1100
pieces: 6
pieces: 6
8     2     8  8     2     8 
8   2 2     8  8   2 2     8 
8           8  8           8 
8 1         8  8 2 2       8 
8 1 2 2 1   8  8 2 1       8 
8 1   2 1   8  8   1       8 
8 2   2 1   8  8   1       8 
8 2 2 2 2   8  8   1       8 
8 1 1 1     8  8   1 2     8 
8   1 1 1   8  8 1 2 2   1 8 
8   8 8 8 8 8  8 1 2     1 8 
8 8 8 8 8 8 8  8 8 8 8 8 8 8 

1001    1001
pieces: 7
pieces: 7
8           8  8           8 
8   1 1 1   8  8   1 1 1   8 
8           8  8           8 
8           8  8           8 
8           8  8           8 
8           8  8           8 
8           8  8           8 
8           8  8           8 
8           8  8           8 
8           8  8           8 
8           8  8           8 
8 8 8 8 8 8 8  8 8 8 8 8 8 8 

1101    0110
pieces: 0
pieces: 0
8     2     8  8           8 
8   2 2     8  8   1 1 1   8 
8           8  8           8 
8           8  8           8 
8           8  8           8 
8           8  8           8 
8           8  8           8 
8           8  8           8 
8         1 8  8           8 
8         1 8  8           8 
8         1 8  8   1 1 1   8 
8 8 8 8 8 8 8  8 8 8 8 8 8 8 

1011    1101
pieces: 1
pieces: 1
8     2     8  8     2     8 
8   2 2     8  8   2 2     8 
8           8  8           8 
8           8  8           8 
8           8  8           8 
8           8  8           8 
8           8  8           8 
8           8  8           8 
8         1 8  8           8 
8     2   1 8  8 1 1 1     8 
8     2 2 1 8  8   1 1 1   8 
8 8 8 8 8 8 8  8 8 8 8 8 8 8 

0110    1010
pieces: 2
pieces: 2
8           8  8     2     8 
8   1 1 1   8  8   2 2     8 
8           8  8           8 
8           8  8           8 
8           8  8           8 
8           8  8           8 
8           8  8           8 
8       2 2 8  8           8 
8       2 1 8  8           8 
8     2   1 8  8         2 8 
8     2 2 1 8  8   1 1 1   8 
8 8 8 8 8 8 8  8 8 8 8 8 8 8 

1100    0101
pieces: 3
pieces: 3
8     2     8  8           8 
8   2 2     8  8   1 1 1   8 
8           8  8           8 
8           8  8           8 
8           8  8           8 
8     1 1 1 8  8           8 
8       2 2 8  8           8 
8       2 1 8  8           8 
8     2   1 8  8     2     8 
8     2 2 1 8  8   2 2   2 8 
8 8 8 8   8 8  8   1 1 1   8 
8 8 8 8 8 8 8  8 8 8 8 8 8 8 

1001    1011
pieces: 4
pieces: 4
8     2     8  8     2     8 
8   2 2     8  8   2 2     8 
8           8  8           8 
8   2 2     8  8           8 
8     2     8  8           8 
8     1 1 1 8  8           8 
8       2 2 8  8           8 
8       2 1 8  8       1   8 
8     2   1 8  8     2 1   8 
8     2 2 1 8  8   2 2 1 2 8 
8 8 8 8   8 8  8   1 1 1   8 
8 8 8 8 8 8 8  8 8 8 8 8 8 8 

0011    0110
pieces: 5
pieces: 5
8           8  8           8 
8   1 1 1   8  8   1 1 1   8 
8           8  8           8 
8   2 2   2 8  8           8 
8     2 2 2 8  8           8 
8     1 1 1 8  8     2     8 
8       2 2 8  8     2 2   8 
8       2 1 8  8       1   8 
8     2   1 8  8     2 1   8 
8     2 2 1 8  8   2 2 1 2 8 
8 8 8 8   8 8  8   1 1 1   8 
8 8 8 8 8 8 8  8 8 8 8 8 8 8 

0110    1100
pieces: 6
pieces: 6
8           8  8     2     8 
8   1 1 1   8  8   2 2     8 
8           8  8           8 
8   2 2   2 8  8           8 
8     2 2 2 8  8     1 1 1 8 
8     1 1 1 8  8     2     8 
8       2 2 8  8     2 2   8 
8 1     2 1 8  8       1   8 
8 1   2   1 8  8     2 1   8 
8 1   2 2 1 8  8   2 2 1 2 8 
8 8 8 8   8 8  8   1 1 1   8 
8 8 8 8 8 8 8  8 8 8 8 8 8 8 

1100    1001
pieces: 7
pieces: 7
8     2   1 8  8     2     8 
8   2 2   1 8  8   2 2     8 
8         1 8  8         2 8 
8   2 2   2 8  8       2 2 8 
8     2 2 2 8  8     1 1 1 8 
8     1 1 1 8  8     2     8 
8       2 2 8  8     2 2   8 
8 1     2 1 8  8       1   8 
8 1   2   1 8  8     2 1   8 
8 1   2 2 1 8  8   2 2 1 2 8 
8 8 8 8   8 8  8   1 1 1   8 
8 8 8 8 8 8 8  8 8 8 8 8 8 8 

1001    0010
pieces: 8
pieces: 8
8           8  8     2     8 
8   1 1 1   8  8   2 2     8 
8           8  8           8 
8           8  8           8 
8           8  8           8 
8           8  8           8 
8           8  8           8 
8           8  8           8 
8           8  8           8 
8           8  8           8 
8           8  8           8 
8 8 8 8 8 8 8  8 8 8 8 8 8 8 

1101    0010
pieces: 0
pieces: 0
8     2     8  8           8 
8   2 2     8  8   1 1 1   8 
8           8  8           8 
8           8  8           8 
8           8  8           8 
8           8  8           8 
8           8  8           8 
8           8  8           8 
8           8  8           8 
8           8  8 2         8 
8   1 1 1   8  8 2 2       8 
8 8 8 8 8 8 8  8 8 8 8 8 8 8 

1011    0100
pieces: 1
pieces: 1
8     2     8  8           8 
8   2 2     8  8   1 1 1   8 
8           8  8           8 
8           8  8           8 
8           8  8           8 
8           8  8           8 
8           8  8           8 
8           8  8           8 
8   2 2     8  8           8 
8   2       8  8 2 1 1 1   8 
8   1 1 1   8  8 2 2       8 
8 8 8 8 8 8 8  8 8 8 8 8 8 8 

0110    1001
pieces: 2
pieces: 2
8           8  8     2     8 
8   1 1 1   8  8   2 2     8 
8           8  8           8 
8           8  8           8 
8           8  8           8 
8           8  8           8 
8           8  8   1       8 
8     2 2   8  8   1       8 
8   2 2 2   8  8   1       8 
8   2       8  8 2 1 1 1   8 
8   1 1 1   8  8 2 2       8 
8 8 8 8 8 8 8  8 8 8 8 8 8 8 

1100    0011
pieces: 3
pieces: 3