
539 0.5352112676056338
1078 0.46932515337423314
1617 0.5301794453507341
2156 0.5500821018062397
2695 0.6069182389937107
3234 0.6590909090909091
3773 0.6991869918699187
4312 0.7175324675324676
4851 0.6926994906621392
5390 0.6789915966386555
5929 0.8016393442622951
6468 0.7425249169435216
7007 0.4110929853181077
7546 0.606312292358804
8085 0.6677852348993288
8624 0.7659235668789809
9163 0.7577741407528642
9702 0.6965408805031447
10241 0.8381240544629349
10780 0.836890243902439
11319 0.8343373493975904
11858 0.8510948905109489
12397 0.8411214953271028
12936 0.7854938271604939
13475 0.8254211332312404
14014 0.8320610687022901
14553 0.8952234206471494
15092 0.8043818466353677
15631 0.7872340425531915
16170 0.7860394537177542
16709 0.823051948051948
17248 0.8854625550660793
17787 0.8241758241758241
18326 0.8283464566929134
18865 0.7748148148148148
19404 0.7874617737003058
19943 0.8064024390243902
20482 0.8641791044776119
21021 0.8522550544323484
21560 0.8288
22099 0.8736349453978159
22638 0.8719512195121951
23177 0.845565749235474
23716 0.8256172839506173
24255 0.8184615384615385
24794 0.8172514619883041
25333 0.8806646525679759
25872 0.8911671924290221
26411 0.9165302782324058